0000000000000000000000000000000000000000000000000000000000000000
0000000000000000000000000000000000000000000000000000000011111111
0000000000000000000000000000000000000000000000000000001111111100
0000000000000000000000000000000000000000000000000000011111111000
0000000000000000000000000000000000000000000000000000111111110000
0000000000000000000000000000000000000000000000000001111111100000
0000000000000000000000000000000000000000000000000111111010000001
0000000000000000000000000000000000000000000000001000000101111110
0000000000000000000000000000000000000000000000001111111100000000
0000000000000000000000000000000000000000000000010000111011110000
0000000000000000000000000000000000000000000000010001111011100000
0000000000000000000000000000000000000000000000110001110011100000
0000000000000000000000000000000000000000000001110001100011100000
0000000000000000000000000000000000000000000001110011100011000000
0000000000000000000000000000000000000000011111101000000100000000
0000000000000000000000000000000000000000100000000111000000001111
0000000000000000000000000000000000000000100000000111100000000111
0000000000000000000000000000000000000000100000010111111000000000
0000000000000000000000000000000000000000110000000011100000000111
0000000000000000000000000000000000000000111000000001100000000111
0000000000000000000000000000000000000000111000000001110000000011
0000000000000000000000000000000000000000111111110000000000000000
0000000000000000000000000000000000000001000001100001100011100000
0000000000000000000000000000000000000001000001100011100011000000
0000000000000000000000000000000000000001000011100011000011000000
0000000000000000000000000000000000000011000011000011000011000000
0000000000000000000000000000000001111110100000010000000000000000
0000000000000000000000000000000010000000011000000001100000000111
0000000000000000000000000000000010000000011000000001110000000011
0000000000000000000000000000000010000000011100000000110000000011
0000000000000000000000000000000010000001011111100000000000000000
0000000000000000000000000000000011000000001100000000111000000001
0000000000000000000000000000000011000000010000000011100000000111
0000000000000000000000000000000011111111000000000000000000000000
0000000000000000000000000000000100000010000011000011000011000000
0000000000000000000000000000000100000110000010000011000011000000
0000000000000000000000000000000100000110000110000010000011000000
0000000000000000000000000000000100000110000110000110000010000000
0000000000000000000000000000001100000100000010000011000011000000
0000000000000000000000000000001100000100000110000010000011000000
0000000000000000000000000000001100000100000110000110000010000000
0000000000000000000000000000001100001100000100000110000010000000
0000000000000000000000000000001100001100001100000100000010000000
0000000000000000000000000111111010000001000000000000000000000000
0000000000000000000000001000000001000000001100000000110000000011
0000000000000000000000001000000001100000000100000000110000000011
0000000000000000000000001000000001100000000110000000011000000001
0000000000000000000000001000000101111110000000000000000000000000
0000000000000000000000001100000000100000000100000000110000000011
0000000000000000000000001100000000100000000110000000011000000001
0000000000000000000000001100000000110000000010000000011000000001
0000000000000000000000001100000000110000000011000000001000000001
0000000000000000000000001111111100000000000000000000000000000000
0000000000000000000000001111111100000000000000000000000011111111
0000000000000000000000010000001000000100000010000011000011000000
0000000000000000000000010000001000001100000100000010000011000000
0000000000000000000000010000011000001000000100000010000011000000
0000000000000000000000110000010000001000000100000010000011000000
0000000000000000011111101000000100000000000000000000000000000000
0000000000000000100000000100000000100000000100000000110000000011
0000000000000000100000000100000000100000000110000000010000000011
0000000000000000100000000100000000100000000110000000011000000001
0000000000000000100000000100000000110000000010000000010000000011
0000000000000000100000000100000000110000000010000000011000000001
0000000000000000100000000100000000110000000011000000001000000001
0000000000000000100000000110000000010000000010000000010000000011
0000000000000000100000000110000000010000000010000000011000000001
0000000000000000100000000110000000010000000011000000001000000001
0000000000000000100000000110000000011000000001000000001000000001
0000000000000000100000010111111000000000000000000000000000000000
0000000000000000110000000010000000010000000010000000010000000011
0000000000000000110000000010000000010000000010000000011000000001
0000000000000000110000000010000000010000000011000000001000000001
0000000000000000110000000011000000001000000001000000001000000001
0000000000000000111111110000000000000000000000000000000000000000
0000000000000000111111110000000000000000000000000000000011111111
0000000000000000111111110000000000000000000000001111111100000000
0000000000000001000000010000000100000001000000010000000100000000
0000000000000001000000100000010000001000000100000010000011000000
0000000000000001000000100000010000001000000100000110000010000000
0000000000000001000000100000010000001000001100000100000010000000
0000000000000001000000100000010000011000001000000100000010000000
0000000000000001000000100000110000010000001000000100000010000000
0000000000000001000001100000100000010000001000000100000010000000
0000000000000011000001000000100000010000001000000100000010000000
0000000001111110100000010000000000000000000000000000000000000000
0000000010000000010000000010000000010000000010000000010000000011
0000000010000000010000000010000000010000000010000000011000000001
0000000010000000010000000010000000010000000011000000001000000001
0000000010000000010000000010000000011000000001000000001000000001
0000000010000000010000000011000000001000000001000000001000000001
0000000010000000011000000001000000001000000001000000001000000001
0000000010000000100000001000000010000000100000001000000000000000
0000000010000001011111100000000000000000000000000000000000000000
0000000011000000001000000001000000001000000001000000001000000001
0000000011111111000000000000000000000000000000000000000000000000
0000000011111111000000000000000000000000000000000000000011111111
0000000011111111000000000000000000000000000000001111111100000000
0000000011111111000000000000000000000000111111110000000000000000
0000000100000001000000010000000100000001000000010000000100000001
0000000100000001000000010000000100000010000000100000001000000100
0000000100000001000000010000001000000010000000100000001000000100
0000000100000001000000010000001000000010000000100000010000000100
0000000100000001000000010000001000000010000000100000110000001000
0000000100000001000000010000001000000010000001000000010000000100
0000000100000001000000010000001000000010000001000000010000001000
0000000100000001000000100000001000000010000001000000010000000100
0000000100000001000000100000001000000010000001000000010000001000
0000000100000001000000100000001000000100000001000000010000001000
0000000100000001000000100000001000000100000001000000100000010000
0000000100000001000000100000001000000100000010000000100000010000
0000000100000001000000100000001000000100000010000001000000010000
0000000100000001000000100000001000000100000010000001000000100000
0000000100000001000000100000010000000100000010000001000000100000
0000000100000001000000100000010000001000000010000001000000100000
0000000100000001000000100000010000001000000100000001000000100000
0000000100000001000000100000010000001000000100000010000000100000
0000000100000001000000100000010000001000000100000010000001000000
0000000100000010000000100000001000000010000000100000001000000001
0000000100000010000000100000001000000100000001000000100000001000
0000000100000010000000100000010000000100000010000000100000010000
0000000100000010000000100000010000000100000010000001000000010000
0000000100000010000000100000010000000100000010000001000000100000
0000000100000010000000100000010000001000000010000001000000010000
0000000100000010000000100000010000001000000010000001000000100000
0000000100000010000000100000010000001000000100000001000000100000
0000000100000010000000100000010000001000000100000010000000100000
0000000100000010000000100000010000001000000100000010000001000000
0000000100000010000001000000010000001000000010000001000000010000
0000000100000010000001000000010000001000000010000001000000100000
0000000100000010000001000000010000001000000100000001000000100000
0000000100000010000001000000010000001000000100000010000000100000
0000000100000010000001000000010000001000000100000010000001000000
0000000100000010000001000000100000001000000100000001000000100000
0000000100000010000001000000100000001000000100000010000001000000
0000000100000010000001000000100000010000000100000010000000100000
0000000100000010000001000000100000010000000100000010000001000000
0000000100000010000001000000100000010000001000000010000001000000
0000000100000010000001000000100000010000001000000100000001000000
0000000100000010000001000000100000010000001000000100000010000000
0000000100000010000001000000100000010000001000001100000000000000
0000000100000010000001000000100000010000011000001000000000000000
0000000100000010000001000000100000110000010000001000000000000000
0000000100000010000001000001100000100000010000001000000000000000
0000000100000010000011000001000000100000010000001000000000000000
0000000100000010000011000011000011000000000000000000000000000000
0000000100000110000010000001000000100000010000001000000000000000
0000000100000110000010000011000011000000000000000000000000000000
0000000100000110000110000010000011000000000000000000000000000000
0000000100000110000110000110000010000000000000000000000000000000
0000001000000001000000010000000100000001000000010000000100000010
0000001000000010000000010000000100000001000000010000000100000001
0000001000000010000000100000000100000001000000010000000100000001
0000001000000010000000100000001000000001000000010000000100000001
0000001000000010000000100000001000000010000000010000000100000001
0000001000000010000000100000001000000010000000100000001000000010
0000001000000010000001000000100000010000001000000100000010000000
0000001000000100000001000000010000000100000001000000010000000010
0000001000000100000001000000100000010000001000000100000010000000
0000001000000100000010000000100000010000001000000100000010000000
0000001000000100000010000001000000010000001000000100000010000000
0000001000000100000010000001000000100000001000000100000010000000
0000001000000100000010000001000000100000010000000100000010000000
0000001000000100000010000001000000100000010000001000000010000000
0000001100000100000010000001000000100000010000001000000000000000
0000001100000100000010000001000000100000110000000000000000000000
0000001100000100000010000001000001100000100000000000000000000000
0000001100000100000010000011000001000000100000000000000000000000
0000001100000100000110000010000011000000000000000000000000000000
0000001100000100000110000110000010000000000000000000000000000000
0000001100001100000100000010000001000000100000000000000000000000
0000001100001100000100000010000011000000000000000000000000000000
0000001100001100000100000110000010000000000000000000000000000000
0000001100001100001100000100000010000000000000000000000000000000
0000001100001100001100001100000000000000000000000000000000000000
0000001100001100011100001000000000000000000000000000000000000000
0000001100011100011000001000000000000000000000000000000000000000
0000001100011100111000000000000000000000000000000000000000000000
0000010000000010000000100000001000000001000000010000000100000001
0000010000000010000000100000001000000010000000010000000100000001
0000010000000010000000100000001000000010000000100000001000000100
0000010000000100000000100000001000000010000000010000000100000001
0000010000000100000001000000001000000010000000010000000100000001
0000010000000100000001000000001000000010000000100000000100000001
0000010000000100000001000000010000000100000001000000010000000100
0000010000000100000010000000100000010000001000000100000010000000
0000010000000100000010000001000000100000001000000100000010000000
0000010000000100000010000001000000100000010000000100000010000000
0000010000000100000010000001000000100000010000001000000010000000
0000010000001000000010000000100000001000000010000000100000000100
0000010000001000000010000001000000010000001000000100000010000000
0000010000001000000010000001000000100000001000000100000010000000
0000010000001000000010000001000000100000010000000100000010000000
0000010000001000000010000001000000100000010000001000000010000000
0000010000001000000100000001000000100000001000000100000010000000
0000010000001000000100000001000000100000010000000100000010000000
0000010000001000000100000001000000100000010000001000000010000000
0000010000001000000100000010000000100000010000000100000010000000
0000010000001000000100000010000000100000010000001000000010000000
0000010000001000000100000010000001000000010000001000000010000000
0000011100011000011000001000000000000000000000000000000000000000
0000011100011000111000000000000000000000000000000000000000000000
0000011100111000110000000000000000000000000000000000000000000000
0000011101111000100000000000000000000000000000000000000000000000
0000011111111000000000000000000000000000000000000000000000000000
0000100000000100000001000000001000000010000000010000000100000001
0000100000000100000001000000001000000010000000100000000100000001
0000100000000100000001000000010000000010000000100000000100000001
0000100000000100000001000000010000000100000001000000010000001000
0000100000001000000001000000010000000010000000100000000100000001
0000100000001000000010000000100000001000000010000000100000001000
0000100000001000000100000001000000100000001000000100000010000000
0000100000001000000100000001000000100000010000000100000010000000
0000100000001000000100000010000000100000010000000100000010000000
0000100000001000000100000010000001000000010000001000000010000000
0000100000010000000100000001000000010000000100000001000000001000
0000100000010000000100000010000000100000010000000100000010000000
0000100000010000000100000010000001000000010000001000000010000000
0000100000010000001000000010000001000000010000001000000010000000
0000111101110000100000000000000000000000000000000000000000000000
0000111111110000000000000000000000000000000000000000000000000000
0001000000001000000001000000010000000010000000100000000100000001
0001000000001000000010000000010000000010000000100000000100000001
0001000000001000000010000000010000000100000000100000000100000001
0001000000001000000010000000010000000100000000100000001000000001
0001000000001000000010000000100000001000000010000000100000010000
0001000000010000000010000000010000000010000000100000000100000001
0001000000010000000010000000010000000100000000100000000100000001
0001000000010000000010000000010000000100000000100000001000000001
0001000000010000000010000000100000000100000000100000001000000001
0001000000010000000010000000100000000100000001000000001000000001
0001000000010000000100000001000000010000000100000001000000010000
0001000000010000001000000010000001000000010000000100000010000000
0001000000100000001000000010000000100000001000000010000000010000
0001000000100000001000000010000001000000010000001000000010000000
0001000000100000001000000100000001000000010000001000000010000000
0001000000100000001000000100000001000000100000001000000010000000
0001000000110000010000000100000001000000100000001000000010000000
0001000100010001000100010001000100010001000100010001000100010001
0001111111100000000000000000000000000000000000000000000000000000
0010000000010000000010000000010000000010000000100000000100000001
0010000000010000000010000000100000000100000000100000000100000001
0010000000010000000100000000100000000100000000100000000100000001
0010000000010000000100000001000000010000000100000001000000100000
0010000000100000000100000000100000000100000000100000000100000001
0010000000100000001000000010000000100000001000000010000000100000
0010000000100000001000000100000001000000010000001000000010000000
0010000000100000001000000100000001000000100000001000000010000000
0010000000100000010000000100000001000000100000001000000010000000
0010000001000000010000000100000001000000010000000100000000100000
0010000001000000010000000100000001000000100000001000000010000000
0010000001000000010000000100000010000000100000001000000010000000
0010000100100001001000010010000100100001001000010010000100100001
0010001000100010001000100010001000100010001000100010001000100010
0011111111000000000000000000000000000000000000000000000000000000
0100000000100000000100000000100000000100000000100000000100000001
0100000000100000000100000000100000000100000000100000001000000001
0100000000100000000100000000100000000100000001000000001000000001
0100000000100000000100000000100000001000000001000000001000000001
0100000000100000000100000001000000001000000001000000001000000001
0100000000100000001000000001000000001000000001000000001000000001
0100000000100000001000000010000000100000001000000010000001000000
0100000001000000001000000001000000001000000001000000001000000001
0100000001000000010000000100000001000000010000000100000001000000
0100000010000000100000001000000010000000100000001000000001000000
0100000101000001010000010100000101000001010000010100000101000001
0100001001000010010000100100001001000010010000100100001001000010
0100010001000100010001000100010001000100010001000100010001000100
0111111000000000000000000000000000000000000000000000000000000000
0111111010000001000000000000000000000000000000000000000000000000
1000000001000000001000000001000000001000000001000000001000000001
1000000001000000001000000001000000001000000001000000001000000010
1000000001000000001000000001000000001000000001000000001100000000
1000000001000000001000000001000000001000000001000000010000000010
1000000001000000001000000001000000001000000001100000000100000000
1000000001000000001000000001000000001000000010000000010000000010
1000000001000000001000000001000000001100000000100000000100000000
1000000001000000001000000001000000001100000000110000000000000000
1000000001000000001000000001000000010000000010000000010000000010
1000000001000000001000000001100000000100000000100000000100000000
1000000001000000001000000001100000000110000000010000000000000000
1000000001000000001000000010000000010000000010000000010000000010
1000000001000000001000000010000000010000000100000000100000001000
1000000001000000001100000000100000000100000000100000000100000000
1000000001000000001100000000100000000100000000110000000000000000
1000000001000000001100000000100000000110000000010000000000000000
1000000001000000001100000000110000000010000000010000000000000000
1000000001000000001100000000110000000011000000000000000000000000
1000000001000000010000000010000000010000000010000000010000000010
1000000001000000010000000010000000010000000100000000100000001000
1000000001000000010000000010000000100000000100000000100000001000
1000000001000000010000000010000000100000000100000001000000001000
1000000001000000010000000100000001000000010000000100000010000000
1000000001100000000100000000100000000100000000100000000100000000
1000000001100000000100000000100000000100000000110000000000000000
1000000001100000000100000000100000000110000000010000000000000000
1000000001100000000100000000110000000010000000010000000000000000
1000000001100000000100000000110000000011000000000000000000000000
1000000001100000000110000000010000000010000000010000000000000000
1000000001100000000110000000010000000011000000000000000000000000
1000000001100000000110000000011000000001000000000000000000000000
1000000001110000000011000000001100000000000000000000000000000000
1000000010000000010000000010000000010000000010000000010000000010
1000000010000000010000000010000000010000000010000000010000000100
1000000010000000010000000010000000010000000010000000100000000100
1000000010000000010000000010000000010000000100000000100000000100
1000000010000000010000000010000000100000000100000000100000001000
1000000010000000010000000010000000100000000100000001000000001000
1000000010000000010000000100000000100000000100000000100000000100
1000000010000000010000000100000000100000000100000000100000001000
1000000010000000010000000100000000100000000100000001000000001000
1000000010000000010000000100000000100000001000000001000000001000
1000000010000000010000000100000000100000001000000001000000010000
1000000010000000010000000100000000100000001000000010000000010000
1000000010000000010000000100000001000000001000000010000000010000
1000000010000000010000000100000001000000001000000010000000100000
1000000010000000100000000100000001000000001000000010000000010000
1000000010000000100000000100000001000000001000000010000000100000
1000000010000000100000000100000001000000010000000010000000100000
1000000010000000100000000100000001000000010000000100000000100000
1000000010000000100000000100000001000000010000000100000001000000
1000000010000000100000001000000001000000010000000100000000100000
1000000010000000100000001000000001000000010000000100000001000000
1000000010000000100000001000000010000000010000000100000001000000
1000000010000000100000001000000010000000100000000100000001000000
1000000010000000100000001000000010000000100000001000000010000000
1000000101111110000000000000000000000000000000000000000000000000
1000000110000001100000011000000110000001100000011000000110000001
1000001010000010100000101000001010000010100000101000001010000010
1000010010000100100001001000010010000100100001001000010010000100
1000100010001000100010001000100010001000100010001000100010001000
1100000000100000000100000000100000000100000000100000000100000000
1100000000100000000100000000100000000100000000110000000000000000
1100000000100000000100000000100000000110000000010000000000000000
1100000000100000000100000000110000000010000000010000000000000000
1100000000100000000110000000010000000010000000010000000000000000
1100000000110000000010000000010000000010000000010000000000000000
1100000000110000000010000000010000000011000000000000000000000000
1100000000110000000010000000011000000001000000000000000000000000
1100000000110000000011000000001000000001000000000000000000000000
1100000000110000000011100000000100000000000000000000000000000000
1100000000111000000001100000000100000000000000000000000000000000
1100000000111000000001110000000000000000000000000000000000000000
1110000000011000000001100000000100000000000000000000000000000000
1110000000011000000001110000000000000000000000000000000000000000
1110000000011100000000100000001100000000000000000000000000000000
1110000000011100000000110000000000000000000000000000000000000000
1110000000011110000000010000000000000000000000000000000000000000
1111000000001110000000010000000000000000000000000000000000000000
1111111100000000000000000000000000000000000000000000000000000000
1111111100000000000000000000000000000000000000000000000011111111
1111111100000000000000000000000000000000000000001111111100000000
1111111100000000000000000000000000000000111111110000000000000000
1111111100000000000000000000000011111111000000000000000000000000
